500
550
550
500
1000
100
1200
-250
350
1750
-50
200
900
1100
1100
550
500
600
900
250
-200
-50
-200
-100
-200
1250
650
600
600
200
2000
1400
2000
1200
1300
1400
1300
2000
450
1400
2000
100
1300
550
700
500
500
850
250
500
550
500
600
200
700
550
1200
650
1300
300
750
1900
1200
550
500
500
250
1100
600
1000
1200
600
1000
1100
200
250
-150
50
1000
1200
-250
1800
-150
50
0
-8200
50
-150
150
550
1100
-150
1200
300
600
550
500
150
900
450
550
550
600
1100
550
500
500
550
100
-50
300
400
50
150
1100
-50
500
350
1100
-232500
1200
150
350
200
550
1100
1200
50
-200
1350
